.map.range <-
c(-179.957214355469, 190.290802001953, -85.4430770874023, 83.5739135742188
)
.Random.seed <-
c(403L, 97L, 1871799186L, -776010991L, 738554614L, 2073054953L, 
16187952L, -327529101L, -1613606314L, -26803887L, -1454630078L, 
1651949376L, 707932274L, -1293066689L, -662847343L, 804324947L, 
-1441974877L, -386670265L, 1608756942L, 192460097L, -35317003L, 
426505887L, -71206977L, -1586575216L, -208956615L, -1696604186L, 
1705010413L, -121129651L, -1953944376L, -1097303546L, -1918283466L, 
-1080953475L, -96970138L, -1786772897L, 1990418736L, 464915645L, 
-925963594L, 349064009L, -1230527444L, 943536332L, -904619081L, 
-321761910L, 1074681068L, -401982213L, 905293491L, 166661477L, 
1428276154L, 1460214471L, -1522630108L, 299858554L, 1770582252L, 
-1717518922L, -1167517238L, -194957604L, 1371002110L, -41582284L, 
-183782806L, -1333184533L, 101019322L, 1145400476L, -588514834L, 
1622635866L, 1735560502L, -1537693555L, 124515479L, 81887337L, 
1705309131L, 1116709688L, 360596265L, -425703584L, 1498583879L, 
2139057860L, 547502906L, 2024970423L, -1587787503L, -1113341395L, 
-348686373L, 252819753L, 1108695587L, -1849981950L, 686531995L, 
-794140348L, 419795918L, 1015378350L, -371935755L, 1705630880L, 
-1957840043L, 1785373114L, -596642305L, 2145508697L, 1641332830L, 
103325928L, -359288503L, -1504860591L, 2102611049L, 1374051599L, 
1909374720L, -477106545L, -765036279L, 1534797869L, 882353568L, 
-1787534837L, 1742585036L, 2019201844L, -936044947L, -1215911479L, 
-937875868L, 1944186545L, -1336898805L, 655791114L, 1164895067L, 
-1509849820L, 1676460857L, -175847959L, -2051660251L, -721213016L, 
-870049341L, 1340935303L, -533379900L, 723948709L, -2104075103L, 
1459964642L, -1868899708L, -1119715942L, -1676115931L, -311433341L, 
528162491L, 266326550L, 756655334L, -697412678L, 1527619156L, 
-1141640597L, 1429364611L, -1693113167L, 1636609697L, 501980595L, 
1137708718L, 1267538056L, -650430049L, 143257634L, 133356524L, 
1396713767L, -1012576456L, 1351817070L, -173682823L, -1280320507L, 
1991440006L, -1088925292L, -1934214242L, 1431361192L, 2131533728L, 
1064020687L, 188448231L, -490408165L, -433312820L, -1126685759L, 
820198696L, 2147094100L, -1182638778L, -1909805778L, 1014256718L, 
746747395L, -1119763647L, -1949802682L, -1116364170L, 388217354L, 
-555133870L, 794276071L, 1222921894L, 496130628L, -1514747832L, 
-2078441777L, -1575354204L, -1879543683L, 1116382512L, 359947723L, 
1388989333L, 346250555L, -1215589436L, -1165949023L, -1680580644L, 
225857106L, -903284446L, 2065827112L, -421687664L, 1731539246L, 
161613263L, -987937809L, -504766245L, -1479982774L, 1375541117L, 
-1553820540L, -79749388L, -1105459067L, -2078454102L, -255584342L, 
385782628L, -1514714712L, 419556553L, 1533699992L, 487523923L, 
1425691548L, 1629800888L, -1298361621L, -1577133588L, 1257885174L, 
-1260328057L, 233035301L, 1576540117L, -286619637L, -888179806L, 
646536790L, 1510921274L, -1167574143L, -1693551466L, -1504035386L, 
-1309591361L, 1934565506L, -113844938L, 686791953L, 1574309743L, 
981073005L, 500288942L, -975677315L, -561542467L, -1021048510L, 
416233242L, -2126881782L, 1968296204L, -2083117842L, -1934248949L, 
2125337637L, -1269904070L, 1888178760L, 1460910626L, 524501720L, 
1432826014L, -1365306305L, -27800540L, -736758309L, -116076678L, 
194138346L, 1060108274L, 270659187L, 218137976L, -1665071601L, 
103509046L, -466313452L, 1580240109L, -2043344040L, -1093388857L, 
356697064L, -1638491987L, 528962115L, -822028472L, -2101829714L, 
875443991L, 1814323070L, 2031056126L, 358072463L, -2024318040L, 
-1500018112L, -989240131L, -1551993477L, 144718775L, 474441040L, 
-2027502204L, -2035489230L, -1198194135L, -241433032L, 1412168262L, 
-343176913L, -856040804L, -1252173439L, -1240003921L, -517851972L, 
152114734L, 1502008609L, -1710970650L, 250281010L, -737344922L, 
1649138770L, 1492750724L, 1055091646L, 263767295L, 1011995335L, 
44919439L, -366791335L, 1586203217L, 27368586L, -939078406L, 
-1299514220L, -758672460L, 325299502L, 1105331195L, 1055175309L, 
-1079143236L, 787463184L, -138669610L, 66331157L, -1217144871L, 
264545678L, -1477864431L, 1414266988L, 1323296577L, -2010522542L, 
34367146L, -438144187L, -1227524941L, 715563096L, -718708410L, 
720244377L, 1451399080L, 842831818L, -1088016181L, -1705882178L, 
1397945542L, -2135249262L, -614145719L, 1157753956L, -1525935646L, 
-802672021L, -1654618199L, -2051116845L, -60420827L, -785633588L, 
-203708420L, -474898519L, -9128275L, 931242557L, 1328011146L, 
-331482038L, 1097253972L, 24998288L, 1410408180L, 1095350369L, 
-265054342L, 1105176019L, -1362950359L, -1191914477L, -1541144428L, 
913977147L, 525475853L, -174415864L, 1296931715L, -462806297L, 
-1466404034L, 330233484L, -235428296L, 1947111297L, -802459410L, 
1770199037L, 335111402L, 834115825L, -2027700288L, -1479774851L, 
218431326L, 235670894L, -51169462L, -455320832L, -1900993952L, 
1872723594L, -717414652L, 186383091L, 851671554L, 441331746L, 
-1433774312L, 1514628432L, 838667540L, -722139575L, 523872596L, 
1793172429L, 1624132707L, -804571409L, -476408577L, 1039895736L, 
-254796257L, -2116545023L, -1233568553L, -646329400L, 449381464L, 
-1541919465L, 138890785L, -1703300230L, -478867969L, 2065173960L, 
490523882L, 1631404835L, 1720229689L, 1485195906L, 2043802148L, 
-1595507234L, 2099994880L, 991002748L, 1943704472L, -1841083241L, 
590562037L, 855890592L, -744520078L, 820463708L, -2133206989L, 
1787911908L, -1062698395L, 322413020L, 1522005400L, 752754142L, 
-2083097227L, 1784755967L, 497279356L, -284065627L, -630229069L, 
-1120747817L, -1008152686L, 948065412L, -1185835420L, 1315861370L, 
470178134L, 1703793201L, -1971347822L, -2083057212L, 1684168663L, 
1756373531L, 1784760876L, 1750385605L, 1410489304L, 324973060L, 
-2022819908L, -176296581L, -1784559611L, 449419416L, -251195586L, 
180436457L, 1672674871L, 1179233326L, 1400965351L, 1404462285L, 
894465636L, 813733678L, 1870449325L, -305414511L, -122932970L, 
-19927821L, 1842477861L, 1180627454L, -863348558L, 879485791L, 
-1961400721L, 916119616L, 1864329786L, 249858970L, 1806225473L, 
1275044025L, 450888603L, -1007381046L, 1007046864L, -357238790L, 
-830043460L, -2048131857L, -1377821498L, 1686759879L, -782362987L, 
1412129390L, 298931828L, -426810515L, -2078126357L, -877578186L, 
-1357040808L, 1329210178L, 2019581740L, 11312372L, -1600071539L, 
-1319905864L, -951347870L, -148130177L, 183002467L, 2098007678L, 
1426170317L, -921947386L, 756725103L, 1993804993L, 1489942724L, 
869845856L, 322898501L, -1889198416L, 60227941L, 885403392L, 
-589440469L, -644982996L, -1789453782L, -1606349463L, -1492239462L, 
-554491224L, -1475530725L, 1954139280L, -1508403821L, -1539505338L, 
-1482669212L, 1894792045L, 102773790L, 236077081L, 1497413114L, 
2080883153L, -358490714L, -1495352193L, 896201195L, 964306298L, 
81693256L, 2119807833L, 1507984950L, 1065585828L, 1901556377L, 
931834690L, 817234378L, 2112952745L, 1085797332L, 833946090L, 
-1464211118L, -78669835L, -1309897208L, 253028145L, -678255409L, 
904015482L, 489854316L, 882433244L, 1275255491L, 1688743268L, 
-1358478703L, -1233795568L, -2119017987L, -1294920890L, -768710036L, 
-1953371082L, -2031841460L, -760505128L, -680054660L, 1974853160L, 
-2086168454L, 688305595L, 1939284363L, 2094825779L, 176918742L, 
-964724227L, 2071428806L, -1166132283L, -1976747182L, 1318838123L, 
-1691678133L, -1100416343L, -1503574587L, 543909882L, 1927613092L, 
1541919533L, 558906824L, -344836756L, 2145704010L, 2093403836L, 
1381938473L, 1970310087L, 422733307L, -1829177407L, -659281107L, 
1257279421L, 585902520L, 127197452L, -1275310732L, -1902156649L, 
1328339856L, -134024877L, -586537120L, 1534914899L, 1913111448L, 
323028104L, 1991169463L, -280473990L, 954586651L, -847676187L, 
-247764732L, 957829284L, 607890867L, 655192016L, 1673421825L, 
-1306108120L, 2082702634L, 1767388629L, 2100280286L, 1891311948L, 
-746605592L, 840054739L, -978972959L, -332296800L, -1195859278L, 
-1813318204L, 1306380081L, 1705764999L, 1191610050L, 245738847L, 
